@relation noticias-simcosdense_clustered

@attribute Instance_number numeric
@attribute noticia_0 numeric
@attribute noticia_1 numeric
@attribute noticia_2 numeric
@attribute noticia_3 numeric
@attribute noticia_4 numeric
@attribute noticia_5 numeric
@attribute noticia_6 numeric
@attribute noticia_7 numeric
@attribute noticia_8 numeric
@attribute noticia_9 numeric
@attribute noticia_10 numeric
@attribute noticia_11 numeric
@attribute noticia_12 numeric
@attribute noticia_13 numeric
@attribute noticia_14 numeric
@attribute noticia_15 numeric
@attribute noticia_16 numeric
@attribute noticia_17 numeric
@attribute noticia_18 numeric
@attribute noticia_19 numeric
@attribute noticia_20 numeric
@attribute noticia_21 numeric
@attribute noticia_22 numeric
@attribute noticia_23 numeric
@attribute noticia_24 numeric
@attribute noticia_25 numeric
@attribute noticia_26 numeric
@attribute noticia_27 numeric
@attribute noticia_28 numeric
@attribute noticia_29 numeric
@attribute noticia_30 numeric
@attribute noticia_31 numeric
@attribute noticia_32 numeric
@attribute noticia_33 numeric
@attribute noticia_34 numeric
@attribute noticia_35 numeric
@attribute noticia_36 numeric
@attribute noticia_37 numeric
@attribute noticia_38 numeric
@attribute noticia_39 numeric
@attribute noticia_40 numeric
@attribute noticia_41 numeric
@attribute noticia_42 numeric
@attribute noticia_43 numeric
@attribute noticia_44 numeric
@attribute noticia_45 numeric
@attribute noticia_46 numeric
@attribute noticia_47 numeric
@attribute noticia_48 numeric
@attribute noticia_49 numeric
@attribute noticia_50 numeric
@attribute noticia_51 numeric
@attribute noticia_52 numeric
@attribute noticia_53 numeric
@attribute noticia_54 numeric
@attribute noticia_55 numeric
@attribute noticia_56 numeric
@attribute noticia_57 numeric
@attribute noticia_58 numeric
@attribute noticia_59 numeric
@attribute noticia_60 numeric
@attribute noticia_61 numeric
@attribute noticia_62 numeric
@attribute noticia_63 numeric
@attribute noticia_64 numeric
@attribute noticia_65 numeric
@attribute noticia_66 numeric
@attribute noticia_67 numeric
@attribute noticia_68 numeric
@attribute noticia_69 numeric
@attribute noticia_70 numeric
@attribute noticia_71 numeric
@attribute noticia_72 numeric
@attribute noticia_73 numeric
@attribute noticia_74 numeric
@attribute noticia_75 numeric
@attribute noticia_76 numeric
@attribute noticia_77 numeric
@attribute noticia_78 numeric
@attribute noticia_79 numeric
@attribute noticia_80 numeric
@attribute noticia_81 numeric
@attribute noticia_82 numeric
@attribute noticia_83 numeric
@attribute noticia_84 numeric
@attribute noticia_85 numeric
@attribute noticia_86 numeric
@attribute noticia_87 numeric
@attribute noticia_88 numeric
@attribute noticia_89 numeric
@attribute noticia_90 numeric
@attribute noticia_91 numeric
@attribute noticia_92 numeric
@attribute noticia_93 numeric
@attribute noticia_94 numeric
@attribute noticia_95 numeric
@attribute noticia_96 numeric
@attribute noticia_97 numeric
@attribute noticia_98 numeric
@attribute noticia_99 numeric
@attribute noticia_100 numeric
@attribute noticia_101 numeric
@attribute noticia_102 numeric
@attribute noticia_103 numeric
@attribute noticia_104 numeric
@attribute noticia_105 numeric
@attribute noticia_106 numeric
@attribute noticia_107 numeric
@attribute noticia_108 numeric
@attribute noticia_109 numeric
@attribute noticia_110 numeric
@attribute noticia_111 numeric
@attribute noticia_112 numeric
@attribute noticia_113 numeric
@attribute noticia_114 numeric
@attribute noticia_115 numeric
@attribute noticia_116 numeric
@attribute noticia_117 numeric
@attribute noticia_118 numeric
@attribute noticia_119 numeric
@attribute noticia_120 numeric
@attribute noticia_121 numeric
@attribute noticia_122 numeric
@attribute noticia_123 numeric
@attribute noticia_124 numeric
@attribute noticia_125 numeric
@attribute noticia_126 numeric
@attribute noticia_127 numeric
@attribute Cluster {cluster0,cluster1,cluster2}

@data
0,1,0.584232,0.043528,0.065603,0.036882,0.042648,0.131071,0.007097,0.230797,0.314254,0.057414,0.328916,0.038627,0.054196,0.066097,0,0.009871,0.386303,0.30541,0.485942,0.06146,0.040042,0.661367,0.461928,0.130876,0.149718,0.132249,0.088699,0.294228,0.010681,0.057056,0.06926,0.077179,0.04188,0.357228,0.501033,0.32643,0.064816,0.032675,0.218587,0.07338,0.049674,0.424021,0.325751,0.116797,0.034767,0.310783,0.122359,0.081592,0.104818,0.02642,0.012491,0.034822,0.016441,0.031883,0.042937,0.030914,0.060325,0.08437,0.082002,0.095364,0.08641,0.307754,0.169387,0.30764,0.291992,0.089996,0.010149,0.075349,0.07631,0.218378,0.065079,0.031081,0.18839,0.044177,0.027412,0.055701,0.019635,0.030834,0.048579,0.034729,0.045952,0.053556,0.051023,0,0.130185,0.031519,0.055684,0.019128,0.224273,0.009733,0.095804,0.080999,0.02377,0.056194,0.012876,0.086406,0.052866,0.006945,0.010953,0.262087,0.044546,0.069427,0.045746,0.009752,0.018717,0.021124,0.05636,0.02443,0.062431,0.03002,0.094529,0.069133,0.036097,0,0.008247,0.032022,0.075537,0.018337,0.20341,0.533188,0.162359,0.3502,0.040912,0.007764,0.066947,0.03213,0.142032,cluster1
1,0.584232,1,0.024271,0.041916,0.030848,0.014863,0.146172,0.023084,0.198518,0.204104,0.04502,0.240176,0.028718,0.010793,0.026326,0.040346,0.041282,0.32122,0.250127,0.482797,0.102812,0.024809,0.626933,0.433501,0.113597,0.1382,0.058218,0.043875,0.203605,0.007445,0.013256,0.041751,0.040346,0.051894,0.253165,0.468193,0.216894,0.086427,0.048397,0.107062,0.047213,0.034623,0.508049,0.209586,0.054273,0.024233,0.453868,0.082344,0.042653,0.027059,0.04788,0,0,0.01146,0.027779,0.042754,0.024626,0.028032,0.076542,0.020173,0.110783,0.070857,0.211353,0.095157,0.207201,0.192969,0.08782,0.031834,0.111341,0.136771,0.196705,0.064038,0.023633,0.174427,0.072293,0.03057,0.129414,0.016423,0.042983,0.036939,0.024207,0.029117,0.038822,0.055664,0.010053,0.09074,0.030757,0.077624,0.066661,0.247025,0.036182,0.125335,0.056457,0.071796,0.047001,0.017949,0.062456,0.069603,0,0.040716,0.159037,0.008871,0.02978,0.047828,0.018127,0.052184,0.034355,0.039283,0,0.053341,0.023654,0.093207,0.130103,0.010783,0,0.03449,0.035074,0.057437,0.025562,0.198714,0.517503,0.096191,0.253639,0.057032,0,0.026664,0.05972,0.064058,cluster1
2,0.043528,0.024271,1,0.049342,0.326823,0.262445,0.120448,0.046583,0.104757,0.093761,0.188431,0.038554,0.321159,0.362096,0.015495,0.039578,0.010799,0.038925,0.037588,0.022028,0.026895,0.248235,0,0.069361,0.03647,0.029881,0.074243,0.018781,0.034736,0.052583,0.213264,0.316392,0.027705,0.064906,0.036024,0.063246,0.015019,0.161857,0.046918,0.067862,0.074103,0.216012,0.028753,0.070491,0.025555,0.114105,0.01619,0.020771,0.351468,0.070076,0.151744,0.163984,0.171429,0.141646,0.12426,0.211378,0.231908,0.28378,0.109881,0.142481,0.065205,0.030584,0.01114,0.041487,0.045378,0.010648,0.029537,0.037474,0.069242,0.017889,0.044105,0.025128,0.102006,0.080747,0.018911,0.089966,0.035546,0.04511,0.075897,0.188426,0.071238,0.034276,0.010546,0.080087,0,0.063119,0.056895,0.051399,0.086318,0.090872,0.02662,0.099166,0.066459,0.026005,0.170596,0,0.036761,0.084343,0.102565,0.011982,0.030359,0.208855,0.070111,0.131371,0.048011,0.035103,0.057774,0.26975,0.213809,0.145412,0.081391,0.056751,0.056723,0.291943,0,0.094733,0.078823,0.016903,0.120362,0.147185,0.029862,0.066607,0.041736,0.051339,0.050965,0,0.048331,0.075406,cluster2
3,0.065603,0.041916,0.049342,1,0.030406,0.01465,0.01891,0.04388,0.060725,0.092001,0.062864,0.064563,0.02123,0.031915,0.058384,0.059651,0.057644,0.038412,0.086551,0.027667,0.038001,0.045849,0.051495,0.071559,0.083976,0.081314,0.125525,0.572025,0.137425,0.033021,0.022866,0.044368,0.08699,0.227778,0.141905,0.056739,0.044014,0.031945,0.029464,0.103497,0.049444,0.033273,0.018056,0.13649,0.084253,0,0.050836,0.026088,0.01051,0.104017,0.035395,0,0.008971,0,0.028749,0.028445,0.013653,0.033155,0.048303,0.059651,0.081896,0.040159,0.081619,0.075554,0.146047,0.131506,0.023186,0.039222,0.069884,0.033702,0.048471,0.07101,0.029117,0.043464,0.049484,0.028249,0.038267,0.020234,0.060372,0.027307,0.046973,0.185111,0.108173,0.054866,0.052023,0.042687,0.022737,0.039451,0.039423,0.0428,0.023404,0.085058,0.073037,0.040827,0.09555,0.026537,0.065958,0.043887,0,0.030099,0.108035,0.029511,0.071546,0.044785,0.03015,0.041332,0.061678,0.02662,0.041959,0.056035,0.088774,0.197203,0.092615,0.029228,0,0.016997,0.061285,0.038921,0.031494,0.082527,0.071261,0.217508,0.106855,0.05456,0.088014,0.108413,0.082776,0.133452,cluster0
4,0.036882,0.030848,0.326823,0.030406,1,0.523816,0.145797,0.019735,0.09559,0.094342,0.259449,0.038112,0.390283,0.409081,0.006565,0.026828,0.045751,0.018847,0.031849,0.07466,0.028486,0.346432,0.020435,0.033584,0.027468,0.005626,0.087103,0.031827,0.020602,0.007426,0.348183,0.296715,0.020121,0.058231,0.022199,0.065073,0.012726,0.239023,0.06531,0.016429,0.086334,0.369515,0.004873,0.029864,0.043307,0.153082,0.034296,0.005867,0.198537,0.02699,0.146944,0.234473,0.205777,0.234324,0.205034,0.311301,0.337735,0.503273,0.087518,0.160969,0.049725,0.035338,0.009439,0.038668,0.024031,0.036089,0.01877,0.021168,0.073338,0.012126,0.042043,0.015969,0.051073,0.05669,0.016024,0.095287,0.034422,0.010921,0.034298,0.245625,0.01509,0.017425,0.023829,0.052437,0,0.012342,0.021913,0.038712,0.073139,0.103946,0.0812,0.073778,0.045754,0.011017,0.058601,0,0.013349,0.008168,0.241402,0.050764,0.025724,0.322965,0.022277,0.076329,0.090402,0.022307,0.029372,0.463659,0.260424,0.089607,0.05989,0.019235,0.048062,0.455302,0,0.183472,0.073149,0.038193,0.101985,0.151437,0.055666,0.095944,0.054406,0.046847,0.043183,0.013298,0.074458,0.034851,cluster2
5,0.042648,0.014863,0.262445,0.01465,0.523816,1,0.122932,0.006339,0.065795,0.086125,0.177893,0.010493,0.324331,0.580927,0.006326,0.019389,0.052904,0.009081,0.015345,0.032375,0.021959,0.28614,0.027569,0.032362,0.016543,0.016265,0.083935,0.026836,0.014181,0.021467,0.276059,0.30097,0.016158,0.021822,0.021392,0.062705,0.012263,0.211449,0.049253,0.039578,0.09832,0.292846,0.023477,0.028778,0.031298,0.209624,0,0,0.20498,0.052016,0.116819,0.175734,0.163299,0.264351,0.085438,0.246557,0.319532,0.290979,0.08254,0.116335,0.031944,0.029512,0.018192,0.033874,0.023157,0.05796,0.024117,0.030597,0.052498,0.014606,0.040513,0,0.035965,0.05086,0.030882,0.088148,0.029023,0.015785,0.020657,0.242608,0.01745,0.016792,0.022962,0.035668,0.009663,0.031715,0.025339,0.004663,0.083292,0.074196,0.034776,0.05727,0.061047,0.005308,0.056469,0,0.012864,0.043287,0.148877,0.024459,0.020657,0.191846,0.021467,0.058229,0.074046,0.014331,0.018869,0.468818,0.207307,0.089046,0.024484,0.006178,0.037051,0.328192,0,0.232048,0.064358,0.018402,0.065517,0.124468,0.036573,0.081577,0.03932,0.041918,0.010403,0,0.064575,0.03918,cluster2
6,0.131071,0.146172,0.120448,0.01891,0.145797,0.122932,1,0.060784,0.174708,0.067055,0.148944,0.046437,0.111977,0.080341,0.018663,0.081041,0.042273,0.050233,0.045274,0.106131,0.048591,0.228643,0.122007,0.193943,0.080533,0.067983,0.130698,0.019794,0.020919,0,0.140967,0.110997,0.109643,0.07358,0.049307,0.163239,0.01809,0.130897,0.082749,0.011677,0.064152,0.117818,0.08658,0.010613,0.01539,0.045812,0.151131,0.025019,0.085675,0.049876,0.078331,0.067896,0.068828,0.073119,0.039387,0.121239,0.091655,0.059618,0.54925,0.057205,0.36913,0.157398,0.055909,0.06746,0.030745,0.021375,0.080047,0.040122,0.123613,0.060332,0.12285,0.087015,0.069809,0.383477,0.072132,0.081272,0.08563,0.03881,0.094464,0.078561,0.053628,0.024771,0.019054,0.089887,0.007127,0.061405,0.021805,0.05847,0.037807,0.21617,0.038476,0.119443,0.200123,0.035238,0.052758,0.025449,0.050603,0.133519,0.075495,0.028865,0.036567,0.088047,0.38529,0.065554,0.044978,0.097773,0.031314,0.106756,0.088526,0.143301,0.041277,0.070635,0.064906,0.127406,0,0.073353,0.135629,0.033932,0.114771,0.172533,0.163656,0.048137,0.04447,0.076107,0.061386,0,0.10849,0.086697,cluster0
7,0.007097,0.023084,0.046583,0.04388,0.019735,0.006339,0.060784,1,0.035035,0.019109,0.044803,0.027937,0.034449,0.031072,0.08,0.047321,0.041082,0.045331,0.013619,0.03831,0.014616,0.019839,0.010486,0.045773,0.079281,0.034283,0.02483,0.030621,0.056633,0.152412,0.048057,0.043405,0.088189,0.053949,0.033816,0.014731,0.005441,0.095504,0.122027,0.005269,0.037755,0.0443,0.021877,0.019155,0.024305,0.046509,0.026397,0,0.022739,0.013849,0.025919,0.02228,0.058229,0.014663,0.092411,0.032822,0.011816,0.060973,0.068077,0.038717,0.06733,0.149593,0.008072,0.058622,0.012331,0.027005,0.044144,0.169716,0.056447,0.046666,0.035955,0.058039,0.052917,0.091529,0.058241,0.044004,0.016559,0.066543,0.222738,0.043325,0.063881,0.059609,0.049673,0.055395,0.03859,0.042219,0.064652,0.071387,0.025588,0.029632,0.040508,0.081498,0.047406,0.056531,0.015035,0,0.117016,0.086438,0.030967,0.042328,0.027498,0.065266,0.042866,0.091795,0.020294,0.131156,0.037678,0.02932,0.036312,0.062862,0.053546,0.039067,0.03391,0.039091,0,0.007355,0.042838,0.036745,0.005451,0.121414,0.048687,0.028959,0.069792,0.094435,0.076169,0.017059,0.059697,0.022353,cluster0
8,0.230797,0.198518,0.104757,0.060725,0.09559,0.065795,0.174708,0.035035,1,0.257832,0.059788,0.210222,0.061975,0.078833,0.052442,0.25004,0.073097,0.16938,0.212026,0.134197,0.053097,0.057657,0.212226,0.23475,0.146288,0.138586,0.135301,0.079455,0.141073,0.019774,0.105627,0.093566,0.0893,0.043073,0.221676,0.234438,0.175083,0.119994,0.15501,0.076559,0.104499,0.101156,0.090825,0.192184,0.08649,0.032182,0.127855,0.109355,0.13217,0.079057,0.053803,0.034687,0.040291,0.045657,0.059025,0.107878,0.065407,0.074453,0.19586,0.09823,0.13241,0.10351,0.17595,0.112329,0.159981,0.216225,0.033322,0.046974,0.153442,0.052472,0.366963,0.085044,0.034,0.262875,0.056893,0.045673,0.14322,0.00727,0.062791,0.065407,0.04822,0.061869,0.047591,0.086244,0.053405,0.060252,0.058351,0.090201,0.026558,0.276796,0.036037,0.210105,0.126522,0.044006,0.093628,0,0.029623,0.092434,0.038569,0.06083,0.171247,0.041234,0.088983,0.139738,0.042127,0.049501,0.039106,0.086948,0.090453,0.082023,0.033829,0.064024,0.16638,0.062053,0,0.030535,0.152441,0.044495,0.090524,0.23721,0.222347,0.067629,0.202827,0.071284,0.14374,0.035411,0.10905,0.116004,cluster1
9,0.314254,0.204104,0.093761,0.092001,0.094342,0.086125,0.067055,0.019109,0.257832,1,0.04831,0.347928,0.104006,0.093811,0.101699,0.045458,0.048728,0.301097,0.354635,0.177109,0.077227,0.047919,0.24931,0.34143,0.189495,0.19884,0.163989,0.080894,0.316323,0.01438,0.059744,0.095764,0.074682,0.097103,0.365401,0.226081,0.135538,0.113819,0.079733,0.2227,0.064594,0.063531,0.094356,0.366266,0.120553,0.039005,0.066413,0.147689,0.109847,0.088851,0.056911,0.058859,0.046881,0.04427,0.042924,0.074322,0.065402,0.059558,0.046877,0.103905,0.021398,0.070712,0.319884,0.173586,0.293179,0.279543,0.024232,0.020496,0.073038,0.064576,0.226154,0.036077,0.034236,0.109779,0.085333,0.055357,0.083322,0.031722,0.03736,0.083239,0.029222,0.033744,0.060565,0.053758,0.009709,0.051783,0.033947,0.018742,0.051503,0.275843,0.013104,0.168667,0.081786,0.048003,0.083219,0.017334,0.068935,0.057334,0.046747,0,0.29473,0.042837,0.01438,0.064667,0.039389,0.025199,0.056878,0.069553,0.043853,0.070494,0.04393,0.105535,0.125648,0.083309,0,0.033309,0.043111,0.023113,0.065831,0.319132,0.276841,0.147543,0.318704,0.058319,0.031359,0.128757,0.072094,0.118104,cluster1
10,0.057414,0.04502,0.188431,0.062864,0.259449,0.177893,0.148944,0.044803,0.059788,0.04831,1,0.03708,0.177667,0.162346,0.038322,0.019577,0.017805,0,0.051645,0.025424,0.011086,0.186585,0.043741,0.016337,0.050109,0.021896,0.075329,0.038707,0.037226,0.021674,0.15866,0.167133,0.042416,0.119606,0.035097,0.063311,0.024763,0.144869,0.049729,0.047952,0.057271,0.171357,0.037925,0.024213,0.0158,0.141099,0.02002,0.011416,0.200062,0.015755,0.08578,0.177432,0.070662,0.083408,0.075481,0.174257,0.185208,0.114252,0.130441,0.078306,0.080631,0.036673,0.015306,0.017101,0.032733,0.046816,0.018262,0.034326,0.063198,0.011798,0.049995,0.036251,0.057336,0.070371,0.028582,0.092708,0.037676,0.058438,0.079253,0.125463,0.076346,0.056513,0.052164,0.069024,0,0.036024,0.038375,0.037665,0.045283,0.071168,0.061446,0.065799,0.044515,0.053595,0.083622,0,0.073598,0.091384,0.159711,0.029634,0.025027,0.142046,0.101147,0.092829,0.057171,0.043407,0.061916,0.196963,0.187277,0.111702,0.056503,0.118522,0.051438,0.209282,0,0.10041,0.068075,0.065028,0.074418,0.164672,0.034465,0.082365,0.042347,0.058601,0.042015,0.025876,0.057954,0.04521,cluster2
11,0.328916,0.240176,0.038554,0.064563,0.038112,0.010493,0.046437,0.027937,0.210222,0.347928,0.03708,1,0.049419,0.011429,0.069695,0.035604,0.019429,0.230106,0.546655,0.17042,0.018146,0.039407,0.229977,0.262956,0.277042,0.194135,0.087338,0.080252,0.403094,0,0.032755,0.04974,0.081888,0.0893,0.403609,0.174748,0.099078,0.0208,0.05728,0.235469,0.070828,0.025665,0.041385,0.406895,0.086208,0,0.072822,0.087199,0.007528,0.034385,0.015601,0,0.012851,0.006068,0.0353,0.036219,0.006519,0,0.067216,0.049845,0.08212,0.037517,0.247197,0.126891,0.428627,0.245853,0.006643,0.022474,0.048942,0.048278,0.292614,0.033907,0.027112,0.112071,0.051037,0.040466,0.031977,0.028986,0.036414,0.032597,0.028838,0.061667,0.037948,0.049122,0,0.048045,0.03257,0.035963,0.014118,0.208453,0.023947,0.087032,0.056049,0.017545,0.045625,0.019007,0.061414,0.060699,0,0.032337,0.295861,0.014091,0.031535,0.064154,0.028793,0.039472,0.046775,0.024266,0,0.026757,0.067437,0.081684,0.035719,0.022837,0,0.048697,0.040519,0.020274,0.063161,0.18915,0.206848,0.143805,0.424549,0.056841,0.022923,0.070591,0.027668,0.104834,cluster1
12,0.038627,0.028718,0.321159,0.02123,0.390283,0.324331,0.111977,0.034449,0.061975,0.104006,0.177667,0.049419,1,0.375823,0.01375,0.028098,0.054305,0.046057,0.037062,0.031277,0.031822,0.302354,0.017122,0.058621,0.033562,0.035355,0.108118,0.011111,0.034935,0.036293,0.289265,0.628779,0.035122,0.070022,0.046499,0.080178,0.020732,0.158681,0.073357,0.068825,0.104119,0.352037,0.010206,0.041703,0.068034,0.157512,0.038313,0.012288,0.257438,0.056533,0.105163,0.272853,0.143676,0.203512,0.181848,0.288813,0.295835,0.245974,0.107911,0.201366,0.061721,0.037832,0.024166,0.049088,0.040269,0.054595,0.048054,0.027097,0.058521,0.008467,0.055448,0.018582,0.083664,0.070974,0.050347,0.143706,0.030042,0.064812,0.029934,0.244385,0.082183,0.016222,0.027036,0.04738,0.014003,0.043086,0.048959,0.037166,0.055709,0.08064,0.022048,0.072976,0.031946,0.076923,0.049099,0,0.052816,0.062729,0.23597,0.021266,0.041908,0.213142,0.031109,0.079941,0.078899,0.03115,0.020508,0.316893,0.205548,0.101668,0.059556,0.02686,0.036914,0.460576,0,0.176141,0.093264,0.06,0.154282,0.160157,0.035333,0.059108,0.066477,0.053736,0.090453,0,0.075382,0.0365,cluster2
13,0.054196,0.010793,0.362096,0.031915,0.409081,0.580927,0.080341,0.031072,0.078833,0.093811,0.162346,0.011429,0.375823,1,0.027561,0.021119,0.086438,0.049455,0.022286,0.0431,0.023919,0.181811,0.042899,0.044062,0.021623,0.014764,0.06095,0.037582,0.037071,0.007794,0.254433,0.420713,0.0176,0.033956,0.043689,0.068301,0.022262,0.197416,0.053648,0.060354,0.119451,0.268232,0.025572,0.067916,0.039773,0.20296,0.007199,0,0.290254,0.101983,0.150379,0.154956,0.171519,0.19796,0.122145,0.246179,0.193359,0.363901,0.09186,0.197115,0.034794,0.024727,0.02642,0.073794,0.045402,0.082072,0.013134,0.007406,0.050585,0.019092,0.039226,0.027935,0.06804,0.065658,0.033638,0.076012,0.040646,0.022925,0.063,0.232031,0.050685,0.05487,0.040644,0.055039,0.02105,0.051817,0.046,0.035554,0.069789,0.068695,0.042614,0.083892,0.077577,0.028909,0.065609,0,0.032694,0.062153,0.152028,0.021313,0.045,0.250759,0.046765,0.083454,0.07591,0.023414,0.030829,0.346148,0.213922,0.094053,0.047622,0.020189,0.070626,0.304798,0,0.144432,0.076778,0.025055,0.044602,0.149601,0.037181,0.077009,0.045684,0.056195,0.045326,0,0.109413,0.07316,cluster2
14,0.066097,0.026326,0.015495,0.058384,0.006565,0.006326,0.018663,0.08,0.052442,0.101699,0.038322,0.069695,0.01375,0.027561,1,0.017171,0.029283,0.078409,0.101925,0.03345,0.021879,0.007919,0.052319,0.059112,0.079114,0.039612,0.099112,0.096763,0.105493,0.057034,0,0.023323,0.042928,0.053836,0.124325,0.0441,0.01629,0.040128,0.025445,0.105153,0.035164,0.030945,0.012475,0.152916,0.076225,0.061882,0.026341,0.03004,0.018153,0.082918,0.051728,0.022233,0.03099,0.03658,0.056749,0.005459,0.023582,0.042949,0.021453,0.042928,0.02829,0.08444,0.076527,0.067498,0.09844,0.084695,0.008009,0.018065,0.05901,0.023284,0.047839,0.027255,0.020117,0.027526,0.047862,0.048791,0.071603,0.00699,0.032929,0.031442,0.046361,0.052048,0.057194,0.055279,0.025673,0.021065,0.044881,0.012389,0.025534,0.019713,0.011549,0.078703,0.049559,0.063464,0.020004,0,0.062657,0.052276,0,0.012997,0.082322,0.056634,0.028517,0.024427,0.005786,0.014278,0.025066,0.020899,0.014494,0.021507,0.013939,0.03283,0.030762,0.018357,0,0,0.024427,0.018334,0.032638,0.048464,0.048585,0.065021,0.094021,0.025701,0.01382,0.034045,0.042891,0.081789,cluster0
15,0,0.040346,0.039578,0.059651,0.026828,0.019389,0.081041,0.047321,0.25004,0.045458,0.019577,0.035604,0.028098,0.021119,0.017171,1,0.083771,0.018487,0.048597,0.034176,0.037255,0.024273,0.021382,0.087846,0.058378,0.080944,0.050631,0.052033,0.030795,0.019424,0.074936,0.064678,0.065789,0.033849,0.032663,0.070088,0,0.051248,0.044566,0.03223,0.051325,0.04065,0.006373,0.026039,0,0.010537,0.125592,0.015346,0.018547,0.077658,0.072069,0.022716,0.055409,0.022424,0.014495,0.044618,0.008031,0.029254,0.104721,0.087719,0.115615,0.13557,0.028806,0.01839,0.025144,0.027533,0.024549,0.036914,0.200055,0.075333,0.103863,0.048731,0.023122,0.117606,0.125744,0.00997,0.123803,0.028566,0.084108,0.040156,0.07105,0.030387,0.02727,0.04841,0.104919,0.069947,0.074514,0.177208,0.04348,0.060421,0.0118,0.198345,0.096664,0.043227,0.107299,0,0.116393,0.064092,0.012629,0.073032,0.016822,0.011572,0.04856,0.162221,0.023647,0.043763,0.102438,0.042705,0.044426,0.098883,0.042724,0.029349,0.182293,0.018755,0,0,0.5241,0.062439,0.044461,0.090292,0.062876,0.007381,0.017789,0.09628,0.056478,0.017392,0.097382,0.037984,cluster0
16,0.009871,0.041282,0.010799,0.057644,0.045751,0.052904,0.042273,0.041082,0.073097,0.048728,0.017805,0.019429,0.054305,0.086438,0.029283,0.083771,1,0.033628,0.042621,0.023313,0.030496,0.016557,0.021878,0.018726,0.061264,0.035136,0.025903,0.056789,0.034135,0.026499,0.043252,0.058051,0.023935,0.043292,0.029707,0.044394,0.015138,0.080403,0.048133,0.007328,0.038511,0.036971,0.004347,0.035524,0.053124,0.028752,0.09179,0.020936,0.031629,0.024079,0.019664,0.015495,0,0.071383,0.009888,0.060871,0.043827,0.024944,0.028241,0.041885,0.039432,0.04834,0.033685,0.034497,0.021439,0.069759,0.055819,0.103868,0.082252,0.051387,0.050011,0.03799,0.012267,0.03488,0.073861,0.037404,0.08445,0.0341,0.065023,0.09861,0.043081,0.031092,0.039861,0.055037,0.035784,0.055054,0.035189,0.021586,0.029659,0.013738,0.116712,0.16638,0.025119,0.068802,0.038339,0,0.043668,0.029146,0.017229,0.08152,0.030599,0.027629,0.066248,0.017024,0.028228,0.119408,0.100447,0.055348,0,0.064953,0.019429,0.00858,0.085757,0.015992,0,0.02046,0.048235,0.05111,0.030328,0.051657,0.060949,0.02014,0.026696,0.05672,0.019263,0,0.827019,0.072548,cluster0
17,0.386303,0.32122,0.038925,0.038412,0.018847,0.009081,0.050233,0.045331,0.16938,0.301097,0,0.230106,0.046057,0.049455,0.078409,0.018487,0.033628,1,0.24873,0.202359,0.08375,0.034103,0.386778,0.296988,0.123031,0.103387,0.075582,0.06945,0.189292,0.034113,0.008099,0.047827,0.058542,0.050529,0.247303,0.320038,0.198766,0.075603,0.041743,0.113208,0.054083,0.028556,0.282038,0.256093,0.099473,0.007403,0.157551,0.204826,0.078176,0.064473,0.054004,0,0.011121,0.021004,0.020366,0.027426,0.005642,0.015413,0.044482,0.08011,0.030457,0.093074,0.326669,0.122731,0.211962,0.218288,0.034491,0.032415,0.096259,0.116984,0.167388,0.088029,0.043315,0.116743,0.11778,0.042023,0.086971,0.030101,0.055147,0.028209,0.041594,0.042694,0.038314,0.082186,0.018426,0.094496,0.060399,0.048906,0.177159,0.176859,0.020724,0.129923,0.103477,0.035428,0.046662,0.032898,0.040883,0.078794,0,0.027985,0.212709,0.012195,0.006823,0.049675,0.020765,0.054655,0.05847,0.012,0,0.033446,0.031681,0.067744,0.030911,0.026351,0,0.021071,0.067208,0.052636,0.062468,0.120722,0.371961,0.082966,0.259933,0.046116,0.009919,0.036654,0.054728,0.08005,cluster1
18,0.30541,0.250127,0.037588,0.086551,0.031849,0.015345,0.045274,0.013619,0.212026,0.354635,0.051645,0.546655,0.037062,0.022286,0.101925,0.048597,0.042621,0.24873,1,0.135241,0.023588,0.038421,0.270754,0.265062,0.227457,0.192186,0.050089,0.107069,0.496582,0.023059,0.036497,0.043106,0.100665,0.107156,0.511266,0.16641,0.122942,0.048671,0.049967,0.204065,0.048744,0.032172,0.050436,0.443075,0.15129,0.033359,0.099398,0.060726,0.029358,0.033524,0.034223,0.035956,0.018794,0.011832,0.011472,0.044141,0.025425,0,0.026984,0.02777,0.028594,0.034139,0.237751,0.160101,0.417895,0.320634,0.019429,0.040171,0.06073,0.043931,0.246604,0.044077,0.0244,0.087007,0.066345,0.059179,0.062352,0.011304,0.044377,0.038137,0.024992,0.042086,0.064747,0.041506,0,0.017033,0.022682,0.025044,0.041294,0.191279,0.028017,0.108187,0.054646,0.068423,0.068745,0.018531,0.110542,0.044384,0,0.021018,0.394959,0.027477,0.030746,0.039504,0.028072,0.019242,0.101342,0.016899,0.035161,0.02029,0.031935,0.089594,0.084574,0.044531,0,0,0.026336,0.034592,0.035188,0.186719,0.248812,0.146047,0.461787,0.041564,0.011175,0.096353,0.05395,0.144296,cluster1
19,0.485942,0.482797,0.022028,0.027667,0.07466,0.032375,0.106131,0.03831,0.134197,0.177109,0.025424,0.17042,0.031277,0.0431,0.03345,0.034176,0.023313,0.202359,0.135241,1,0.074648,0.022516,0.458171,0.326974,0.097476,0.063482,0.088063,0.037648,0.126406,0.021622,0.028875,0.032209,0.058587,0.058873,0.153516,0.420745,0.209973,0.057047,0.033073,0.041857,0.062846,0.035194,0.390159,0.144928,0.047287,0.005865,0.244658,0.089681,0.041292,0.066799,0.037438,0,0.004406,0,0.012101,0.027938,0.03129,0.032564,0.077262,0.043941,0.084458,0.053162,0.132843,0.079326,0.118954,0.111649,0.031881,0.038523,0.070164,0.077237,0.088413,0.046496,0.020019,0.170758,0.058322,0.044392,0.087699,0.031798,0.043692,0.01341,0.026364,0.063423,0.017346,0.049397,0,0.122783,0.057424,0.088063,0.03388,0.128913,0.085379,0.096969,0.079421,0.024059,0.03697,0.026064,0.058304,0.046077,0,0.018476,0.084263,0.022544,0.054055,0.071768,0.023032,0.040596,0.017817,0.014261,0,0.048921,0.044917,0.049006,0.048981,0.020878,0,0.008347,0.041672,0.034752,0.043306,0.141038,0.438366,0.082166,0.166337,0.043845,0.023576,0.03872,0.054201,0.059195,cluster1
20,0.06146,0.102812,0.026895,0.038001,0.028486,0.021959,0.048591,0.014616,0.053097,0.077227,0.011086,0.018146,0.031822,0.023919,0.021879,0.037255,0.030496,0.08375,0.023588,0.074648,1,0.034363,0.113512,0.135246,0.045773,0.075006,0.026879,0.039778,0.026158,0.016499,0.044067,0.049156,0.040981,0.057503,0.055489,0.165845,0.150799,0.039178,0.04101,0.073005,0.078473,0.046038,0.102849,0.016589,0.030069,0.017901,0.01524,0.110797,0.05514,0.059967,0.03673,0,0.020171,0.025397,0.036937,0.028425,0.020466,0.043486,0.047579,0.044706,0.042965,0.081133,0.14681,0.019526,0.032037,0.09689,0.111213,0.023517,0.055868,0.033679,0.098603,0.011827,0.032734,0.099897,0.059339,0.059281,0.00956,0.036396,0.03334,0.047753,0.030176,0.025811,0.076109,0.061681,0.01114,0.095978,0.019475,0.075262,0.221597,0.162524,0.060138,0.038705,0.043009,0.036718,0.047741,0,0.02966,0.047636,0,0.045116,0.042866,0.044235,0.024749,0.042398,0.060258,0.037173,0.010877,0.039902,0.012579,0.093326,0.048388,0.042737,0.080091,0.027879,0,0.012739,0.042398,0.047733,0,0.190503,0.154603,0.062699,0.075552,0.040891,0.011993,0.014773,0.053767,0.051623,cluster0
21,0.040042,0.024809,0.248235,0.045849,0.346432,0.28614,0.228643,0.019839,0.057657,0.047919,0.186585,0.039407,0.302354,0.181811,0.007919,0.024273,0.016557,0.034103,0.038421,0.022516,0.034363,1,0.049304,0.030385,0.033135,0.023755,0.07005,0.023996,0.028404,0.017916,0.45724,0.238624,0.036409,0.050733,0.040169,0.046176,0.015351,0.193802,0.054807,0,0.052074,0.412428,0.005878,0.036026,0.019591,0.126351,0,0,0.153964,0,0.137378,0.38761,0.175224,0.261988,0.153751,0.293223,0.422234,0.209116,0.150501,0.064727,0.02666,0.031261,0.026569,0.029684,0.034787,0.021767,0.022643,0.04256,0.030332,0.003657,0.061988,0.019263,0.047393,0.091968,0.028995,0.078164,0,0.006587,0.046547,0.162967,0.018204,0,0.007186,0.026047,0,0.014888,0,0.040862,0.040104,0.05573,0.016326,0.049445,0.033965,0.006645,0.042415,0,0.053678,0.036948,0.163078,0.006124,0.036203,0.144099,0.062705,0.057549,0.043622,0.022425,0.076769,0.248151,0.204884,0.08445,0.056922,0.034805,0.017394,0.566542,0,0.262826,0.111261,0.005759,0.09227,0.128952,0.03968,0.061274,0.049223,0.036329,0,0.016042,0.053892,0.021021,cluster2
22,0.661367,0.626933,0,0.051495,0.020435,0.027569,0.122007,0.010486,0.212226,0.24931,0.043741,0.229977,0.017122,0.042899,0.052319,0.021382,0.021878,0.386778,0.270754,0.458171,0.113512,0.049304,1,0.444975,0.12314,0.136764,0.107986,0.082439,0.253334,0.017755,0.017563,0.024892,0.072163,0.064457,0.325096,0.555224,0.327929,0.099933,0.06563,0.170215,0.059424,0.055046,0.632982,0.297514,0.094915,0,0.284263,0.121566,0.039557,0.073135,0.029278,0,0.009647,0.004555,0.013249,0.033986,0.014682,0.031197,0.092011,0.058799,0.101275,0.082613,0.295902,0.176501,0.245151,0.261256,0.044878,0.011247,0.076819,0.101476,0.20849,0.042422,0.017221,0.200976,0.078753,0.018226,0.089159,0.021759,0.027335,0.019576,0.031269,0.032405,0.042731,0.049166,0.023975,0.098363,0.031435,0.069419,0.068888,0.23012,0.014381,0.101266,0.06732,0.048293,0.037363,0.028537,0.067381,0.050448,0,0.008092,0.225514,0,0.059182,0.053229,0.007205,0.03852,0.062423,0.036432,0,0.044635,0.030374,0.074093,0.111084,0.020001,0,0.027417,0.04309,0.030439,0.027093,0.175714,0.568674,0.139437,0.323036,0.058671,0.068833,0.074187,0.056375,0.097214,cluster1
23,0.461928,0.433501,0.069361,0.071559,0.033584,0.032362,0.193943,0.045773,0.23475,0.34143,0.016337,0.262956,0.058621,0.044062,0.059112,0.087846,0.018726,0.296988,0.265062,0.326974,0.135246,0.030385,0.444975,1,0.143344,0.184228,0.146566,0.097702,0.250568,0.024315,0.057726,0.07031,0.140004,0.055613,0.315741,0.44808,0.236124,0.083398,0.060436,0.174832,0.067461,0.056539,0.231342,0.321881,0.128509,0.013191,0.376197,0.168085,0.069652,0.101631,0.057137,0.014218,0.044589,0.028071,0.045362,0.038399,0.020107,0.059508,0.088409,0.104317,0.081409,0.073283,0.337412,0.152512,0.291145,0.283113,0.081948,0.017328,0.121784,0.032261,0.217969,0.043573,0.030552,0.172823,0.048096,0.043681,0.049311,0.026819,0.038605,0.035187,0.039529,0.057058,0.05852,0.058075,0.041043,0.060618,0.0287,0.091109,0.087085,0.378178,0.025849,0.147631,0.112362,0.054112,0.060763,0,0.065566,0.061845,0,0.024933,0.249178,0.032595,0.079023,0.057276,0.018501,0.027391,0.036065,0.048112,0.027806,0.084814,0.040112,0.083976,0.094425,0.044021,0,0.037548,0.080707,0.050805,0.06957,0.255224,0.447395,0.12012,0.334024,0.041088,0.053025,0.0762,0.063999,0.185437,cluster1
24,0.130876,0.113597,0.03647,0.083976,0.027468,0.016543,0.080533,0.079281,0.146288,0.189495,0.050109,0.277042,0.033562,0.021623,0.079114,0.058378,0.061264,0.123031,0.227457,0.097476,0.045773,0.033135,0.12314,0.143344,1,0.365401,0.090718,0.157157,0.362587,0.039774,0.044263,0.03311,0.206567,0.121296,0.25453,0.123016,0.056802,0.05247,0.17491,0.109996,0.073568,0.043931,0.022836,0.249938,0.134103,0.010789,0.032147,0.054991,0.047474,0.083124,0.046732,0.005814,0.024313,0.01148,0.022261,0.037117,0.012334,0.007488,0.119686,0.058378,0.107275,0.061515,0.111652,0.134155,0.183423,0.167125,0.025135,0.059054,0.106622,0.056832,0.172022,0.078404,0.042087,0.129573,0.051855,0.102077,0.07202,0.06215,0.086114,0.053448,0.044455,0.089446,0.031909,0.10326,0,0.071616,0.079225,0.061558,0.044517,0.087639,0.060407,0.116632,0.09897,0.025817,0.060161,0.011987,0.050647,0.092963,0,0.030589,0.189451,0.026659,0.084521,0.095822,0.051448,0.062231,0.019665,0.026234,0,0.05812,0.031593,0.068684,0.070795,0.012002,0,0.007678,0.080916,0.063928,0.091043,0.226641,0.089787,0.056681,0.202168,0.073933,0.086738,0.02671,0.099704,0.085557,cluster1
25,0.149718,0.1382,0.029881,0.081314,0.005626,0.016265,0.067983,0.034283,0.138586,0.19884,0.021896,0.194135,0.035355,0.014764,0.039612,0.080944,0.035136,0.103387,0.192186,0.063482,0.075006,0.023755,0.136764,0.184228,0.365401,1,0.066364,0.091662,0.413325,0.028515,0.045937,0.035695,0.174765,0.062113,0.235943,0.117589,0.060501,0.030093,0.152655,0.139691,0.055971,0.022733,0.040094,0.212972,0.106904,0.022099,0.026339,0.038619,0.019448,0.056261,0.030228,0.014292,0.00664,0.012541,0.021279,0.037429,0.006737,0.01227,0.087847,0.055189,0.072739,0.024554,0.136356,0.115702,0.224107,0.193022,0.03089,0.032901,0.087358,0.048227,0.15888,0.023359,0.059267,0.120103,0.041021,0.064817,0.018883,0.050921,0.039982,0.040423,0.028145,0.047795,0.039216,0.037226,0.027504,0.031595,0.064911,0.042473,0.054711,0.128826,0.022272,0.041596,0.042475,0.027196,0.023574,0.019642,0.034174,0.076167,0.015891,0.022278,0.251648,0.026697,0.06925,0.080254,0.017357,0.024474,0.010742,0.026868,0.018634,0.062981,0.037831,0.08617,0.055368,0.0177,0,0.012581,0.094211,0.031427,0.023311,0.213791,0.097162,0.102168,0.252193,0.058739,0.065145,0.029179,0.057183,0.066913,cluster1
26,0.132249,0.058218,0.074243,0.125525,0.087103,0.083935,0.130698,0.02483,0.135301,0.163989,0.075329,0.087338,0.108118,0.06095,0.099112,0.050631,0.025903,0.075582,0.050089,0.088063,0.026879,0.07005,0.107986,0.146566,0.090718,0.066364,1,0.116377,0.1222,0.021021,0.079019,0.100696,0.098097,0.051895,0.128303,0.133643,0.048033,0.073949,0.088423,0.108517,0.051842,0.065174,0.036782,0.140901,0.097054,0.030411,0.02589,0.127325,0.08029,0.376924,0.038131,0.040973,0.022844,0.043144,0.036603,0.076455,0.063738,0.04749,0.119482,0.101262,0.088628,0.064467,0.169234,0.092878,0.126987,0.133378,0.041328,0.029962,0.063271,0.022885,0.136649,0.050227,0.037072,0.11252,0.045361,0.075528,0.117743,0.005152,0.048546,0.063738,0.028479,0.065771,0.067457,0.043659,0.028387,0.050466,0.033084,0.03653,0.050193,0.054492,0.01277,0.14117,0.099632,0.031188,0.073729,0.016893,0.033591,0.059729,0.063781,0.014371,0.125412,0.033398,0.063064,0.078027,0.034122,0.056132,0.018477,0.089352,0.07479,0.063416,0.025688,0.075625,0.049888,0.084573,0,0.054102,0.072025,0.045049,0.128312,0.138695,0.124155,0.138464,0.13348,0.05052,0.020374,0.075289,0.098364,0.498767,cluster0
27,0.088699,0.043875,0.018781,0.572025,0.031827,0.026836,0.019794,0.030621,0.079455,0.080894,0.038707,0.080252,0.011111,0.037582,0.096763,0.052033,0.056789,0.06945,0.107069,0.037648,0.039778,0.023996,0.082439,0.097702,0.157157,0.091662,0.116377,1,0.212349,0.034565,0.020515,0.036346,0.140488,0.105409,0.187288,0.115813,0.082271,0.045598,0.068291,0.076472,0.039578,0.048224,0.01134,0.158316,0.10499,0.031252,0.037249,0.040962,0.033005,0.159131,0.037049,0.020211,0.018781,0,0.017196,0.009925,0.019055,0.034705,0.030336,0.046829,0.137159,0.065795,0.117167,0.119993,0.19389,0.20998,0.029123,0.030107,0.105662,0.054093,0.057985,0.107365,0.033526,0.045496,0.035222,0.023655,0.006676,0.02118,0.039912,0.038111,0.077266,0.126172,0.097054,0.138791,0.007779,0.038299,0.0136,0.056311,0.061898,0.059734,0.027997,0.060416,0.084643,0.034188,0.042431,0,0.051781,0.033266,0,0.035444,0.149671,0.027458,0.144021,0.076487,0.070133,0.043265,0.022786,0.017732,0,0.030414,0.043646,0.087045,0.052201,0.016688,0,0.008896,0.10116,0.059259,0.092305,0.108845,0.08637,0.148865,0.145616,0.036343,0.117254,0.072215,0.11264,0.171234,cluster0
28,0.294228,0.203605,0.034736,0.137425,0.020602,0.014181,0.020919,0.056633,0.141073,0.316323,0.037226,0.403094,0.034935,0.037071,0.105493,0.030795,0.034135,0.189292,0.496582,0.126406,0.026158,0.028404,0.253334,0.250568,0.362587,0.413325,0.1222,0.212349,1,0.055404,0.035413,0.053777,0.169371,0.087265,0.520775,0.173553,0.102251,0.042729,0.115709,0.292297,0.060811,0.03964,0.025168,0.439921,0.170877,0.009248,0.03543,0.060606,0.012208,0.105332,0.033734,0.034889,0.006947,0.00328,0.022263,0.014685,0.003524,0.019256,0.044885,0.065439,0.072931,0.055435,0.227533,0.169471,0.485484,0.334849,0.007182,0.068845,0.068548,0.019139,0.227889,0.036659,0.034949,0.078535,0.039852,0.074376,0.007408,0.028204,0.056593,0.056388,0.029447,0.086674,0.082057,0.054879,0.005755,0.02125,0.062882,0.036104,0.064872,0.128153,0.046603,0.039991,0.046459,0.028454,0.026906,0,0.099599,0.042188,0,0.011654,0.50934,0.022852,0.076713,0.056584,0.028536,0.012803,0.042143,0.02811,0.012997,0.0225,0.031248,0.115912,0.057927,0.028806,0,0.013162,0.060235,0.06576,0.043899,0.245403,0.159741,0.155477,0.533948,0.028807,0.068156,0.11448,0.05128,0.140012,cluster1
29,0.010681,0.007445,0.052583,0.033021,0.007426,0.021467,0,0.152412,0.019774,0.01438,0.021674,0,0.036293,0.007794,0.057034,0.019424,0.026499,0.034113,0.023059,0.021622,0.016499,0.017916,0.017755,0.024315,0.039774,0.028515,0.021021,0.034565,0.055404,1,0.06382,0.060302,0.014568,0.079636,0.060272,0.005543,0.018427,0.039718,0.041118,0.023789,0.073872,0.050006,0.0635,0.021622,0.023516,0.046666,0.009932,0.025485,0.061604,0.007816,0.010639,0.02515,0.061347,0.05793,0.09629,0.030875,0.035567,0.040486,0.010785,0.029136,0,0.054581,0.018224,0.055992,0.041757,0.026129,0.054359,0.464891,0.051581,0.026339,0.006764,0.038538,0.034133,0.014153,0.038672,0.022077,0.018691,0.039533,0.304195,0.062243,0.034962,0.084108,0.030192,0.062531,0.058081,0.0417,0.025384,0.049049,0.105906,0.027873,0.013064,0.059351,0.045867,0.111672,0.033942,0,0.135309,0.041394,0.013982,0.044105,0.037248,0.038438,0,0.096711,0.085087,0.161508,0.170123,0.047281,0.065583,0.024329,0.084094,0.037136,0.034798,0.04153,0,0.016605,0.018421,0.041478,0.012306,0.038697,0.043967,0.057206,0.051208,0.067835,0.031265,0.038511,0.043127,0.025232,cluster0
30,0.057056,0.013256,0.213264,0.022866,0.348183,0.276059,0.140967,0.048057,0.105627,0.059744,0.15866,0.032755,0.289265,0.254433,0,0.074936,0.043252,0.008099,0.036497,0.028875,0.044067,0.45724,0.017563,0.057726,0.044263,0.045937,0.079019,0.020515,0.035413,0.06382,1,0.344485,0.028821,0.050046,0.07393,0.075664,0.007291,0.141441,0.058571,0.042359,0.091063,0.427392,0,0.042777,0.027915,0.138489,0.017685,0.020168,0.164536,0.041753,0.069459,0.298541,0.260078,0.206299,0.142877,0.3665,0.390535,0.297967,0.153633,0.144107,0.037987,0.040494,0.016225,0.039275,0.045437,0.054278,0.016132,0.060643,0.046822,0.020844,0.072266,0.013724,0.037141,0.104163,0.018362,0.075342,0.003698,0.009386,0.0479,0.14777,0.007782,0,0.01536,0.029161,0.025854,0.014143,0.0113,0.03743,0.062858,0.062866,0.015508,0.045795,0.036298,0.014203,0.053722,0,0.015297,0.029833,0.165977,0.026177,0.051585,0.220534,0.051056,0.062867,0.06604,0.015976,0.046279,0.308687,0.243281,0.110705,0.034314,0.016531,0.053699,0.502226,0,0.187249,0.095667,0.032824,0.08765,0.132065,0.052191,0.082458,0.046759,0.023007,0.018557,0,0.08319,0.04992,cluster2
31,0.06926,0.041751,0.316392,0.044368,0.296715,0.30097,0.110997,0.043405,0.093566,0.095764,0.167133,0.04974,0.628779,0.420713,0.023323,0.064678,0.058051,0.047827,0.043106,0.032209,0.049156,0.238624,0.024892,0.07031,0.03311,0.035695,0.100696,0.036346,0.053777,0.060302,0.344485,1,0.040849,0.083738,0.06901,0.081596,0.021529,0.169043,0.079266,0.083383,0.119504,0.276933,0.037095,0.055576,0.071434,0.143122,0.080069,0.020843,0.284301,0.087669,0.156617,0.189525,0.162804,0.200148,0.168751,0.305173,0.199463,0.303678,0.126641,0.200841,0.092536,0.065763,0.04152,0.057092,0.058545,0.074792,0.041282,0.041184,0.103158,0.035389,0.068757,0.024314,0.086738,0.076395,0.07184,0.096724,0.061146,0.058198,0.054399,0.258679,0.079653,0.038324,0.021165,0.050097,0.020358,0.029232,0.037813,0.054032,0.104613,0.070342,0.022896,0.150821,0.082169,0.055916,0.103106,0,0.058719,0.053889,0.137224,0.038647,0.052223,0.253735,0.045226,0.090393,0.096353,0.01887,0.067082,0.319843,0.252857,0.13928,0.069083,0.052066,0.092696,0.389385,0,0.110579,0.119448,0.07996,0.120776,0.135635,0.062926,0.085933,0.057988,0.071329,0.054793,0.013498,0.090697,0.114973,cluster2
